1.04 1.95 0.25 0.03 1.54 1.61 0.24 0.53 0.04 0.59 1.55 1.04 0.70 0.74 0.00 0.60 1.29 1.95 1.69 0.05 1.80 1.57 1.56 0.92 0.80 0.61 0.13 0.46 0.49 0.97
1.49 0.95 0.12 1.92 1.89 1.57 1.98 1.09 1.93 0.15 0.73 0.45 0.39 0.28 1.24 1.56 1.16 0.29 1.62 1.27 0.78 1.35 0.52 0.69 1.83 0.58 0.94 1.78 1.42 0.12
0.29 0.02 1.26 0.90 0.27 1.92 1.06 0.48 1.00 1.36 0.15 0.55 1.61 0.92 1.09 0.87 0.09 0.33 0.89 0.42 0.10 1.69 1.96 1.59 1.71 0.48 1.92 0.39 1.90 1.99
1.42 1.96 1.14 0.52 0.87 1.19 0.15 1.24 1.96 0.38 1.59 1.82 1.89 1.92 1.04 1.95 1.51 0.32 0.95 1.44 0.49 1.28 1.33 0.33 1.13 1.54 1.00 0.02 0.02 0.71
1.85 0.46 1.27 0.44 0.64 1.70 1.46 0.19 0.86 0.06 0.96 1.32 0.24 0.58 0.80 1.84 1.99 0.09 1.52 0.74 0.78 1.51 1.84 1.90 1.15 0.71 1.58 0.50 1.13 0.72
1.31 0.48 0.38 1.84 0.20 1.01 0.44 0.08 0.07 0.35 1.73 0.56 1.90 1.16 0.87 1.16 1.03 1.52 0.56 0.71 1.79 1.89 1.79 0.84 1.56 0.95 1.00 0.41 1.18 0.37
0.66 1.71 0.41 0.14 0.14 1.88 1.01 0.82 1.62 1.67 0.66 1.39 1.54 1.31 0.30 1.75 1.08 0.56 0.85 0.08 0.26 1.53 0.00 0.83 1.05 0.11 1.95 0.45 0.61 0.61
0.46 0.00 1.46 1.93 0.45 1.33 1.48 1.70 0.85 0.61 0.65 1.43 1.63 0.36 0.74 1.80 1.61 1.97 1.51 0.79 1.18 1.32 0.16 1.09 1.42 0.33 1.56 1.17 1.90 0.08
0.53 1.20 0.59 1.43 1.52 0.21 1.03 1.02 0.74 1.87 1.66 1.39 1.43 0.92 1.84 1.39 1.46 1.72 0.55 1.61 0.39 0.69 0.67 1.96 1.71 1.40 1.45 1.12 1.89 0.99
0.76 0.33 1.57 1.47 0.77 0.05 1.68 0.02 1.41 1.94 0.88 0.47 1.41 1.63 1.09 1.93 0.10 1.01 1.44 1.73 0.36 1.60 1.11 0.79 0.26 1.73 0.31 0.62 0.58 1.74
1.35 1.59 0.50 1.25 1.14 1.67 1.81 0.02 1.35 0.10 1.10 0.58 0.61 0.71 1.24 0.67 1.47 0.81 0.14 1.57 0.57 0.87 1.37 0.66 0.11 0.75 1.89 1.28 1.34 1.26
0.40 0.84 1.50 0.20 0.56 0.55 0.86 1.96 0.14 1.04 0.36 1.94 0.23 0.81 1.48 1.41 0.85 0.69 0.80 0.53 0.41 0.97 0.54 0.57 1.31 1.94 1.21 0.15 0.15 1.90
0.59 0.18 1.20 1.25 1.30 0.53 0.03 1.93 0.50 1.35 1.41 1.22 0.63 0.54 1.20 1.73 1.89 0.21 0.31 1.89 1.47 1.77 0.41 1.18 1.40 1.36 0.82 0.03 1.17 0.51
0.90 1.92 0.80 1.68 0.38 1.34 1.95 0.20 0.02 0.87 0.19 1.50 1.83 0.87 0.52 0.87 1.45 0.02 1.18 1.23 1.28 0.48 1.43 0.18 0.40 1.75 1.48 0.03 0.50 0.43
0.54 0.50 0.13 0.92 1.47 1.21 1.35 0.16 1.90 1.68 1.61 1.65 1.87 1.09 0.40 1.23 1.49 1.48 1.04 0.14 0.74 1.84 1.17 1.08 0.54 0.74 1.79 1.33 1.57 0.91
1.26 0.50 1.41 0.86 0.89 1.30 1.87 0.13 1.65 0.58 0.89 0.04 0.60 1.01 0.11 3.00 1.85 0.21 1.53 0.82 1.31 0.52 0.32 0.32 0.14 0.37 1.33 1.76 1.63 1.37
0.22 0.58 0.62 0.50 1.03 1.07 0.71 0.71 1.66 1.58 0.62 1.83 1.91 0.65 0.71 1.01 1.88 1.75 0.21 0.79 1.11 1.01 0.39 1.72 1.35 1.68 1.72 1.50 0.88 1.22
0.32 1.35 0.36 1.39 0.46 0.24 0.33 0.00 1.44 1.46 1.03 0.32 0.17 0.04 0.33 1.78 0.48 0.71 0.21 0.44 1.04 1.22 0.49 0.12 0.78 0.47 0.44 1.92 1.23 1.11
0.83 0.86 1.08 1.39 1.40 0.34 1.00 0.82 1.74 1.26 1.07 0.23 1.21 0.23 0.67 0.29 1.38 0.41 0.78 1.79 0.41 1.02 0.84 0.04 1.59 0.14 0.95 1.12 1.26 1.38
0.51 0.02 1.45 1.07 1.67 1.64 1.69 0.97 0.67 1.58 0.90 0.37 1.71 1.77 0.93 0.15 0.78 1.61 1.80 0.41 0.13 1.75 0.78 1.08 1.94 0.13 1.30 0.15 0.75 1.61
0.87 1.99 1.12 0.64 0.44 0.70 0.75 0.14 0.74 0.93 1.45 1.31 1.42 0.02 0.44 1.32 0.97 0.01 1.61 1.55 1.10 0.13 1.53 1.17 1.56 1.50 1.61 1.04 0.28 1.34
1.24 1.48 0.34 0.39 1.78 1.50 1.82 1.52 1.19 1.31 1.78 1.16 1.26 0.31 0.95 1.43 0.54 0.40 0.63 0.48 0.43 0.85 1.82 1.01 0.38 0.15 1.39 0.77 1.64 1.32
1.59 0.54 1.38 0.53 1.88 1.27 0.65 0.54 0.38 1.39 0.44 1.19 0.53 1.32 1.63 1.56 1.52 0.38 0.18 1.40 0.74 0.86 0.06 0.52 0.07 1.76 0.49 1.11 0.08 1.33
0.65 1.80 1.78 0.65 1.80 1.99 1.65 1.69 0.50 1.15 0.13 0.19 2.00 0.65 1.50 1.61 1.72 2.00 0.48 0.08 0.82 0.26 0.04 0.72 1.57 1.13 0.63 1.31 0.46 0.03
1.53 1.25 1.52 0.08 1.67 1.24 1.13 1.25 1.73 1.17 1.16 1.98 1.51 0.88 1.41 0.78 0.46 1.19 1.86 1.86 0.68 1.06 0.42 1.99 1.96 1.30 1.61 1.43 1.19 0.11
0.91 1.35 1.36 0.75 1.88 0.33 1.00 1.38 1.39 1.30 0.55 0.31 1.27 1.20 0.36 1.41 0.91 1.34 1.67 0.34 0.04 1.56 1.22 1.40 1.68 1.61 1.92 1.07 0.98 0.80
0.31 1.15 0.55 1.84 1.17 1.19 0.71 0.10 0.06 0.85 0.17 1.21 1.76 1.77 1.32 0.42 1.73 1.77 0.39 1.47 0.57 1.61 1.99 0.06 1.79 1.25 1.95 0.93 1.69 0.12
0.67 0.13 1.95 1.63 1.71 1.88 0.17 0.77 0.14 0.42 0.46 0.94 0.54 0.20 0.33 0.29 1.95 1.52 1.94 0.88 0.56 1.60 0.65 0.60 0.47 0.26 0.51 0.71 1.35 0.13
0.42 1.62 0.29 0.69 1.73 0.31 0.17 0.97 0.60 1.13 1.61 0.27 1.16 1.01 0.29 1.25 0.55 0.98 0.16 0.92 0.61 1.64 0.11 0.84 0.92 1.45 1.15 1.33 1.55 1.72
0.63 1.08 1.68 1.98 1.78 0.74 0.39 0.98 1.48 0.99 0.97 1.68 0.72 1.72 0.81 0.66 0.91 1.52 0.25 0.39 1.90 0.35 1.14 1.16 0.98 1.29 0.46 1.11 0.74 1.32
