2.08 0.27 1.81 5.83 4.21 8.93 8.17 3.42 2.59 3.80 5.90 2.68 6.24 4.09 5.52 4.36 2.94 9.48 7.64 1.40 8.68 4.87 8.95 8.00 4.25 0.22 2.69 5.42 6.33 2.58
1.39 8.35 9.84 5.26 1.72 2.72 0.18 9.14 1.18 5.77 2.74 5.54 6.51 8.30 2.06 0.11 1.37 9.00 8.74 5.97 6.01 6.65 1.75 9.14 4.19 3.83 5.19 0.47 1.66 7.38
0.83 6.03 2.45 3.89 2.89 3.56 7.19 2.97 5.66 4.76 6.64 9.37 7.33 2.15 0.31 2.62 5.95 0.51 4.96 5.97 3.34 7.71 1.07 0.75 7.28 4.95 6.88 4.35 2.46 8.19
7.99 6.95 2.72 5.90 3.61 0.92 9.17 1.37 9.50 4.46 1.85 5.42 8.73 7.32 8.07 6.59 6.92 8.49 2.50 4.89 2.21 9.88 9.44 0.39 7.06 9.25 1.81 5.68 9.15 0.34
6.97 2.97 9.24 9.71 9.44 4.74 8.62 8.45 3.19 8.29 0.37 5.96 2.30 1.21 0.77 6.96 3.40 7.25 0.65 3.15 5.39 7.91 3.19 6.26 8.86 6.16 2.33 0.24 8.70 0.21
8.75 5.29 9.39 7.99 9.98 3.51 7.67 4.02 4.80 6.28 8.74 9.84 7.68 4.18 4.21 7.38 2.39 1.10 3.55 2.87 2.96 2.34 0.42 0.18 9.88 4.28 3.84 6.80 2.18 9.50
7.86 0.89 4.18 8.79 9.45 4.67 6.13 1.67 9.91 2.32 9.43 6.50 6.08 5.13 2.31 1.77 2.20 1.86 7.80 3.50 0.58 9.69 8.84 9.28 9.95 1.74 3.96 7.58 6.96 1.54
8.16 2.24 2.24 5.37 5.93 5.80 0.91 8.77 2.66 1.30 8.89 9.56 8.62 8.10 6.55 5.51 0.87 4.08 3.73 2.60 7.23 4.96 0.81 2.20 6.83 0.76 8.51 4.95 4.81 5.92
8.25 3.48 6.78 5.66 2.67 8.79 7.97 6.58 8.51 8.67 45.00 8.37 6.97 6.80 6.19 7.53 1.59 8.81 8.72 0.29 8.26 1.29 3.35 7.44 1.61 8.18 8.32 5.07 0.06 2.87
6.17 9.81 6.32 2.60 6.34 5.40 7.80 1.07 7.61 5.41 9.63 3.42 6.33 9.32 1.03 9.37 6.88 0.68 3.01 7.08 0.67 5.82 3.46 6.21 0.46 8.72 9.73 9.69 7.50 1.30
7.58 0.25 0.22 3.24 4.89 7.70 6.83 4.46 2.74 9.97 4.26 4.51 1.64 7.95 6.94 2.21 0.82 6.80 6.55 2.73 9.51 1.51 4.32 9.44 4.20 6.39 3.98 2.74 9.84 4.09
8.94 2.30 2.13 0.31 6.52 3.69 8.64 4.73 9.68 1.86 8.69 7.77 7.71 8.45 7.61 6.26 1.31 0.33 9.21 6.17 7.97 4.82 1.17 1.25 6.86 4.30 2.01 4.92 0.64 5.82
2.69 7.98 3.10 4.55 0.12 0.72 3.92 4.80 6.00 2.92 6.95 8.60 7.80 0.40 4.81 1.05 2.42 9.87 1.42 4.99 6.18 7.02 5.60 0.10 3.26 5.18 0.88 3.51 0.33 0.79
3.97 1.33 5.68 6.89 8.01 2.00 1.67 1.05 6.36 7.06 0.32 9.36 0.52 5.41 7.09 8.71 7.14 8.02 3.39 8.15 0.80 8.95 5.48 8.17 4.52 6.44 5.26 7.32 0.82 0.60
2.47 1.60 8.72 2.19 9.76 3.37 1.82 7.90 6.59 4.98 5.55 7.19 2.28 9.96 9.75 6.50 2.00 6.80 0.72 0.31 2.58 4.63 8.68 7.27 7.43 4.25 3.46 3.71 9.88 0.40
8.67 5.79 4.39 7.25 4.87 8.73 9.01 4.22 2.77 5.92 9.12 2.11 6.23 6.32 7.33 1.32 7.16 9.09 1.80 2.38 9.71 1.81 50.00 4.92 2.47 8.71 4.45 5.15 3.59 5.93
1.64 3.91 9.69 2.58 6.57 3.25 7.73 1.31 9.70 4.54 2.36 0.73 1.70 5.20 3.37 8.29 4.31 2.49 6.17 7.07 1.67 1.68 0.37 7.36 6.64 4.75 8.44 8.06 5.85 8.68
2.06 1.12 2.70 0.57 5.31 9.37 0.39 1.22 4.52 9.34 3.16 5.07 0.42 1.48 9.87 9.65 0.05 9.52 6.39 8.68 4.55 5.16 4.89 6.67 1.40 0.30 3.08 7.05 2.02 6.73
9.70 0.94 6.73 4.44 8.68 1.77 6.93 8.38 9.45 6.83 4.97 6.18 8.69 5.71 0.30 9.31 6.90 6.77 2.16 6.59 3.94 6.51 1.07 6.58 9.99 0.48 9.77 4.07 8.71 7.82
5.67 7.38 8.79 4.04 3.27 6.68 8.08 7.62 7.98 4.36 8.18 1.20 5.44 0.06 3.25 3.66 3.96 6.95 3.89 4.49 2.38 3.73 2.27 0.73 6.03 6.68 6.19 4.63 3.80 8.63
5.19 4.79 0.26 3.41 3.80 42.00 5.80 5.34 6.08 7.65 8.13 7.18 9.56 0.18 1.96 0.08 6.47 8.98 2.43 9.27 0.60 9.34 3.52 1.01 4.86 2.57 2.85 3.07 8.03 5.39
3.11 6.10 7.16 2.73 4.14 1.22 1.81 6.81 1.81 5.25 7.09 1.07 5.67 2.57 9.63 4.84 8.06 5.50 0.43 6.33 9.51 6.02 8.19 8.84 2.28 2.12 6.11 4.11 8.40 9.00
3.53 2.37 7.81 2.75 8.23 4.24 6.68 0.96 6.24 4.52 5.87 1.68 7.37 8.63 2.17 0.96 0.24 6.42 6.07 5.47 2.32 3.91 5.94 4.97 9.88 1.36 6.95 4.04 4.28 7.18
6.92 9.91 1.28 1.04 7.24 5.78 2.74 0.79 0.86 8.94 1.92 3.23 2.27 3.55 0.69 5.19 0.68 8.00 2.34 5.40 8.80 6.51 5.33 3.24 3.33 6.69 9.94 6.62 5.58 7.31
4.65 0.60 5.62 9.58 1.75 6.90 2.01 5.36 0.97 4.50 7.56 3.48 6.65 7.95 9.27 2.35 3.99 1.52 9.92 9.27 5.40 8.42 5.21 6.24 0.89 7.55 1.28 8.26 7.82 7.09
0.36 3.03 2.63 3.60 0.88 9.37 5.54 3.06 3.97 4.47 6.01 5.16 9.19 4.97 9.92 8.51 2.09 9.31 1.16 8.17 3.81 8.78 8.68 8.06 7.90 3.05 0.81 4.03 1.74 6.95
3.46 9.76 6.41 8.22 1.33 8.62 9.23 4.87 6.06 7.65 1.75 5.03 3.99 1.46 3.68 0.68 0.26 1.35 9.63 5.50 9.66 4.32 3.12 5.06 4.40 1.06 6.41 2.16 6.20 6.50
1.52 0.61 7.81 4.60 0.58 9.95 0.58 6.95 9.84 2.39 1.42 1.21 3.03 1.01 6.92 0.62 5.09 9.97 8.14 6.15 3.06 6.24 5.27 4.26 1.31 8.87 4.50 1.95 3.68 4.14
8.28 7.34 7.69 0.11 4.16 4.81 0.19 2.60 7.60 1.37 5.35 2.15 0.12 2.41 9.76 8.02 9.60 4.88 1.10 5.48 4.54 8.44 0.98 4.88 1.50 3.25 7.37 4.76 3.76 3.94
4.59 7.85 8.92 9.55 7.87 3.15 6.88 4.38 2.55 8.41 0.38 9.02 4.61 6.37 6.59 8.95 6.37 6.14 0.67 5.18 1.50 7.37 5.12 6.80 0.42 0.85 7.16 0.72 0.71 0.12
