1.91 1.48 0.71 0.59 0.70 1.55 1.32 0.37 0.35 0.20 1.32 1.53 0.53 0.04 0.16 1.94 0.59 1.54 1.25 0.76 0.41 0.24 1.23 1.55 1.29 1.06 0.08 1.94 1.60 0.59
1.96 1.20 1.16 1.50 1.62 1.31 0.26 0.68 1.86 0.45 0.74 0.86 0.88 1.23 1.89 0.48 0.24 0.39 1.77 1.29 0.57 1.63 1.72 1.69 1.84 0.50 1.51 0.92 1.68 1.46
1.55 1.31 0.35 1.09 1.97 1.87 0.09 0.33 0.26 1.45 1.64 0.43 1.01 1.68 1.47 1.08 1.18 1.02 0.60 1.13 1.38 1.75 1.27 1.52 0.32 0.92 0.02 0.49 1.45 1.98
0.20 0.80 1.60 0.41 1.11 1.47 1.23 0.38 0.71 1.57 1.11 0.01 1.52 0.07 1.49 0.40 1.92 0.74 0.65 0.30 0.61 1.75 1.99 0.74 0.90 1.44 1.77 1.19 0.78 0.83
1.39 0.01 1.24 0.71 1.59 0.19 1.18 0.96 1.28 0.13 1.16 1.12 1.12 1.21 1.35 1.61 0.54 1.65 1.00 0.15 0.12 0.67 1.57 1.42 1.58 1.03 0.88 0.29 0.66 0.87
0.18 0.44 1.20 1.47 2.00 1.87 1.29 0.84 1.27 1.57 0.24 0.82 1.68 0.77 1.14 1.18 0.37 0.72 0.67 0.05 0.05 1.66 0.55 1.04 0.60 1.88 0.52 0.86 1.75 1.68
0.37 1.61 0.92 0.97 0.27 0.16 1.46 0.99 0.87 1.46 1.53 0.32 1.22 0.27 1.50 1.31 1.91 0.14 0.11 0.56 0.52 0.49 1.81 0.50 0.54 1.52 0.90 1.55 0.13 0.98
0.07 0.13 1.81 0.28 1.06 0.82 0.69 1.80 0.04 1.33 1.93 1.12 1.87 0.10 0.84 0.52 1.46 1.96 0.51 1.31 0.40 1.13 0.93 1.94 1.22 0.70 0.23 0.30 0.45 0.50
1.70 1.12 1.05 0.23 1.72 1.45 0.14 1.42 1.09 0.16 0.92 0.97 0.33 1.89 1.70 1.34 0.92 0.82 1.30 1.09 0.12 1.03 1.61 0.92 0.10 1.57 0.40 0.52 0.33 0.66
1.51 1.04 0.41 1.76 1.76 1.74 0.48 0.90 1.97 1.54 0.05 0.13 0.93 1.82 1.08 1.00 0.21 1.31 1.64 0.76 1.55 1.93 0.41 1.05 0.57 1.59 1.16 1.27 1.60 0.79
1.83 1.07 0.32 1.39 1.59 0.63 1.71 1.81 0.55 1.97 0.28 0.40 0.37 1.79 1.31 0.30 0.88 1.23 0.17 1.76 1.61 1.01 1.93 0.84 1.97 1.34 1.27 0.33 1.76 0.85
0.32 0.03 1.12 1.05 1.44 1.78 0.16 1.46 0.37 1.72 1.64 1.08 1.42 0.63 0.94 1.64 0.92 0.72 0.99 1.66 0.67 0.35 1.42 1.65 0.20 0.48 0.28 0.70 0.90 1.50
1.30 1.24 0.70 1.68 0.94 1.96 1.27 0.25 1.35 0.65 1.37 0.14 0.35 1.71 0.45 1.67 0.56 1.29 1.39 1.03 0.61 0.43 0.07 0.61 1.31 1.88 1.74 1.53 1.58 1.33
0.52 1.81 1.34 1.12 0.22 0.89 0.92 1.73 1.09 0.76 1.95 0.22 0.85 0.08 1.48 1.84 0.56 1.72 0.58 1.82 1.51 1.61 0.04 1.93 1.45 0.61 1.66 0.56 1.75 0.23
1.41 1.08 0.19 0.48 0.02 0.94 0.60 1.20 0.59 0.60 1.49 0.10 1.81 1.70 1.34 1.19 1.78 0.37 0.16 0.48 1.59 0.07 1.17 1.99 1.71 1.04 0.13 1.66 1.20 0.23
0.19 1.82 1.34 1.66 1.76 1.14 1.03 0.86 0.63 0.87 1.55 1.20 1.79 0.89 1.21 1.26 1.18 1.41 0.47 1.02 0.21 0.77 0.98 1.30 1.90 1.20 1.49 1.01 1.27 0.14
0.51 0.72 0.94 0.09 0.28 0.55 1.94 0.66 0.96 0.39 1.22 0.56 0.41 1.03 0.01 0.02 0.44 0.07 0.22 0.68 1.61 1.14 1.03 0.59 1.86 0.79 0.17 1.23 0.23 0.69
1.01 1.75 0.99 1.40 1.99 0.26 0.55 0.79 0.84 0.82 1.82 1.43 1.22 0.62 1.65 1.91 1.64 0.00 1.27 0.10 0.52 0.12 1.21 1.37 0.23 0.77 0.91 0.74 0.24 0.84
1.50 0.14 0.16 0.71 1.88 1.34 1.36 0.72 1.19 0.02 1.27 1.83 1.23 1.75 1.45 0.24 1.80 0.13 1.07 0.28 0.02 0.84 0.59 0.97 1.15 0.09 0.25 1.12 0.69 1.46
1.30 1.69 1.38 0.86 1.35 0.55 0.61 1.58 0.89 1.60 1.64 1.72 1.83 0.86 0.64 1.16 0.74 1.20 1.41 1.38 0.75 0.33 0.86 0.29 1.78 0.69 0.31 0.05 1.29 1.27
0.68 0.14 0.82 0.62 1.35 1.21 0.73 0.44 1.98 0.91 1.38 0.28 0.97 0.06 1.01 1.93 0.77 0.08 0.06 0.78 0.32 0.05 1.51 0.92 0.58 1.80 0.23 1.91 0.63 1.78
1.21 1.65 1.97 0.58 1.92 0.78 0.77 0.68 1.08 0.31 1.11 1.08 1.52 1.67 0.88 0.60 0.52 0.39 0.12 0.68 0.54 1.93 1.12 0.69 1.16 0.28 0.89 1.25 0.98 0.80
1.99 1.76 1.25 1.14 1.24 0.40 0.79 0.08 0.95 1.09 0.46 1.93 1.82 1.44 1.07 1.74 0.26 1.58 0.25 1.59 0.55 1.75 1.89 0.30 0.93 1.96 0.97 1.73 1.18 0.75
0.57 0.41 1.52 0.77 1.02 0.98 1.15 1.73 1.96 0.82 1.66 1.53 1.15 1.91 0.40 0.22 1.71 0.88 1.69 1.79 0.12 1.77 0.90 1.02 1.25 1.85 0.04 0.95 1.38 1.45
1.39 0.27 0.60 0.72 1.61 0.56 0.42 1.91 0.02 2.00 1.35 1.66 0.59 0.03 1.48 1.67 1.48 0.29 1.51 1.54 1.32 1.53 1.69 1.23 0.18 0.98 0.16 0.82 0.81 0.13
0.70 0.22 1.62 1.90 0.14 1.91 1.05 0.60 0.15 1.00 1.59 1.41 0.10 0.15 0.81 0.59 0.46 0.56 1.61 1.86 0.81 1.81 0.64 0.95 0.45 1.28 1.96 1.21 0.72 1.30
0.25 1.78 1.01 0.90 1.17 1.25 0.14 1.37 0.48 1.43 1.65 1.61 1.11 1.04 0.29 1.55 0.54 0.99 0.57 0.27 1.26 0.11 1.50 0.64 0.00 1.02 0.09 0.55 1.41 0.13
1.68 0.01 0.49 1.48 0.63 0.20 0.72 0.54 1.69 0.63 1.58 1.78 0.87 1.82 0.75 1.93 0.18 1.37 0.99 0.78 1.27 1.41 0.01 0.33 1.43 1.33 1.93 1.52 1.90 1.41
0.60 0.21 1.56 1.29 0.10 0.72 1.91 1.00 0.87 0.92 0.42 0.74 0.74 0.10 1.54 0.83 1.64 1.70 0.42 1.31 0.94 1.76 0.43 1.36 1.22 0.59 0.27 1.30 1.48 0.63
1.29 0.79 1.43 0.40 1.78 0.57 0.74 0.12 0.22 1.03 0.54 1.67 0.03 0.76 0.67 0.04 0.25 0.83 0.99 0.81 1.06 1.19 0.02 0.93 1.93 1.04 1.36 0.62 1.55 1.55
