0.28 1.14 0.37 0.56 0.44 0.37 1.65 0.57 1.85 1.94 1.14 0.29 0.75 1.60 0.73 0.17 1.11 1.69 1.59 0.35 1.35 0.44 0.44 1.75 0.50 0.53 0.00 1.74 1.59 1.25
1.50 0.30 0.92 0.70 0.19 0.97 1.84 0.08 0.58 0.42 0.48 1.82 0.94 0.93 1.52 0.31 0.97 0.86 1.19 2.00 1.54 0.80 1.66 0.34 0.06 0.41 0.68 1.02 1.23 1.82
1.02 1.00 0.10 0.07 1.10 0.88 1.68 0.32 0.05 0.90 0.47 0.10 1.45 0.22 1.22 0.56 0.35 0.76 1.60 0.78 1.50 0.25 1.55 0.47 1.35 1.13 1.86 0.77 0.13 0.04
1.65 1.05 1.55 0.47 0.69 0.06 1.92 1.34 1.87 0.53 1.22 1.36 0.64 1.70 1.89 1.77 1.48 0.55 0.56 1.93 0.02 1.43 1.41 1.25 1.98 0.62 0.68 0.16 0.89 0.52
0.69 1.67 1.87 0.37 0.75 1.86 0.12 0.18 0.33 1.19 0.30 1.94 0.89 1.00 0.49 0.94 1.32 1.50 1.51 1.16 1.81 1.63 1.51 0.11 0.01 0.42 1.33 0.82 0.80 1.77
1.79 1.82 0.63 1.38 0.54 35.00 0.37 0.68 0.86 1.66 0.24 1.47 1.06 0.58 0.99 0.60 1.19 0.87 0.33 0.23 1.09 1.80 0.69 1.47 1.32 1.86 1.64 1.13 1.31 1.80
0.80 0.65 0.02 1.65 1.60 0.21 1.15 0.93 0.24 1.96 0.43 0.13 1.19 1.48 0.06 1.32 1.06 0.21 0.35 1.14 0.59 1.88 1.64 1.97 0.52 1.94 0.86 0.70 0.10 0.11
1.38 0.92 0.45 1.23 0.51 1.16 0.72 1.65 1.64 0.95 0.70 0.73 1.61 0.66 0.42 0.17 0.93 0.96 1.68 0.44 40.00 1.62 1.65 0.77 0.92 0.61 1.87 0.24 1.87 1.37
1.06 0.07 0.95 0.82 0.32 1.31 1.94 1.12 1.43 0.14 0.84 0.23 1.23 1.88 1.32 0.15 0.71 1.10 0.81 1.67 1.63 1.22 0.75 0.51 0.21 0.71 0.83 1.35 1.32 0.14
0.79 0.36 0.31 1.65 0.08 0.84 0.34 1.76 1.11 0.46 1.00 1.46 1.92 0.44 1.77 1.87 1.83 1.27 1.26 0.81 1.50 1.06 1.35 0.86 1.46 1.65 0.29 1.67 1.08 1.69
0.86 0.76 1.83 0.50 1.69 0.97 1.03 0.62 1.15 0.65 0.08 0.54 0.01 1.96 1.93 0.79 1.46 0.69 1.34 1.61 1.89 0.80 1.57 0.53 1.98 0.05 1.21 1.32 1.38 0.24
1.88 0.36 1.25 0.45 0.61 1.09 0.83 0.32 0.34 0.84 1.51 1.80 0.17 0.79 0.20 0.03 1.32 1.20 0.33 0.47 0.05 1.67 1.95 0.27 0.46 1.74 1.85 0.84 0.10 0.08
1.15 0.79 0.06 1.17 0.02 1.57 0.61 0.08 1.18 0.80 1.95 1.09 0.55 1.42 0.54 50.00 0.75 1.10 0.10 0.85 1.66 1.61 0.45 0.45 1.63 1.86 0.19 0.90 0.67 1.74
0.17 0.42 1.50 0.10 0.99 0.88 0.67 0.79 1.06 0.32 1.14 1.61 1.52 0.31 0.30 0.54 0.72 0.82 1.36 0.11 0.07 0.78 1.39 0.39 1.28 0.52 1.77 1.79 0.59 0.46
0.82 0.48 1.34 1.65 1.35 1.65 0.79 0.31 1.48 0.72 1.34 0.54 0.16 1.99 0.31 1.98 1.95 1.59 1.32 1.16 1.73 0.58 0.94 1.24 0.82 0.85 0.66 1.13 1.70 0.40
1.87 1.38 1.65 1.11 1.56 0.03 1.64 0.08 1.78 1.98 0.59 0.42 1.53 0.51 1.73 0.21 0.25 1.96 1.35 1.69 0.65 1.35 1.19 1.21 1.37 1.15 0.86 0.55 1.54 0.45
1.38 0.47 1.25 1.49 0.44 0.12 0.26 1.21 1.70 0.09 1.47 0.68 0.96 1.86 0.66 0.93 0.03 0.16 0.52 0.06 1.26 0.85 1.10 0.35 0.59 1.33 1.93 0.10 1.78 1.15
1.13 1.00 0.14 0.18 1.20 0.68 1.83 0.81 0.29 1.43 0.59 1.05 1.40 1.80 1.58 1.35 1.36 1.89 0.59 0.00 0.54 0.44 1.32 1.27 1.19 0.03 1.46 0.65 1.33 1.11
0.69 0.27 0.19 1.66 1.84 1.30 0.21 0.80 45.00 1.56 0.24 0.00 1.42 0.71 0.51 0.03 1.08 1.70 1.92 1.13 1.03 0.17 1.10 0.76 1.21 0.78 0.48 0.19 0.63 0.19
0.35 1.97 0.89 1.06 1.75 1.99 1.17 1.62 0.65 0.61 0.81 1.35 1.36 0.63 0.27 1.26 0.26 1.16 1.39 1.40 1.51 1.75 1.00 1.46 1.24 0.37 0.05 0.57 0.89 1.23
1.70 0.39 0.25 1.93 0.22 0.96 1.17 1.08 0.17 0.11 0.21 1.17 1.09 0.47 1.28 1.64 0.08 1.00 1.38 0.50 0.62 1.23 1.80 1.62 1.17 1.46 0.73 1.28 0.93 0.38
1.40 1.11 0.72 1.82 0.04 0.63 0.11 1.53 1.40 0.66 1.35 0.79 1.51 0.91 0.82 1.87 0.50 0.24 1.17 1.94 0.76 0.12 0.68 1.01 0.32 1.32 2.00 0.90 0.71 0.80
0.23 1.77 0.83 0.77 1.32 0.88 1.30 0.12 1.63 1.88 1.30 1.91 0.30 0.95 1.20 1.16 0.80 0.68 0.25 0.78 0.33 1.47 0.42 0.12 1.10 55.00 1.74 1.15 0.69 1.61
1.08 0.16 1.13 1.82 0.79 0.59 0.29 0.30 0.87 1.19 0.16 1.88 1.51 1.17 1.66 0.16 0.95 1.26 1.66 1.57 0.55 1.88 0.25 1.75 1.94 0.35 1.44 0.08 0.81 1.03
1.16 1.87 1.34 0.96 1.62 1.90 0.04 1.97 0.17 1.63 0.56 0.26 0.88 1.29 0.76 0.11 1.20 1.80 0.77 0.43 0.89 0.10 1.64 1.65 1.18 0.71 1.60 1.11 1.65 1.26
1.57 1.20 0.83 1.92 1.08 1.21 0.44 1.25 1.14 0.37 0.12 1.21 1.53 1.05 0.45 1.33 0.16 0.88 0.33 0.37 0.40 0.77 0.10 0.80 1.02 0.97 0.77 1.68 0.29 1.01
0.12 0.14 1.15 1.13 1.76 1.12 1.92 0.10 0.20 0.09 0.37 1.08 1.29 0.09 1.89 1.68 0.59 0.15 0.34 0.25 0.25 1.04 0.49 0.72 1.98 1.37 1.90 0.29 0.76 1.11
0.15 0.01 1.34 1.28 0.82 0.98 0.83 0.05 0.67 0.35 0.20 1.91 1.20 1.46 0.63 0.79 0.47 0.19 0.36 1.60 1.36 1.09 0.95 1.84 0.15 0.56 0.70 1.56 1.99 0.48
1.75 1.66 0.45 0.80 0.82 1.96 0.36 1.60 0.67 1.46 0.84 1.16 1.67 1.61 1.73 0.12 1.38 0.28 0.83 1.10 0.81 1.04 1.99 0.27 1.35 0.79 0.27 0.32 1.90 1.76
1.81 1.98 0.42 0.71 1.34 0.97 0.84 0.72 1.19 1.15 0.32 0.94 1.11 1.14 0.42 1.48 0.05 0.71 1.56 1.13 0.52 1.39 1.13 1.59 1.47 1.22 0.98 0.27 0.52 0.84
