0.75 1.90 1.46 1.20 0.31 0.31 0.12 1.73 1.20 1.42 0.04 1.94 1.66 0.42 0.36 0.37 0.61 1.05 0.86 0.58 1.22 0.28 0.58 0.73 0.91 1.57 0.40 1.03 1.18 0.09
1.22 0.34 0.13 1.90 1.93 1.62 0.61 0.20 1.37 0.88 0.24 0.99 0.07 1.82 0.52 1.33 0.62 1.04 1.09 0.37 1.94 1.55 1.88 1.79 1.20 1.84 0.18 0.39 0.09 0.65
0.78 0.54 1.66 0.71 0.56 1.09 0.28 1.60 0.15 1.97 1.54 0.40 0.01 1.63 1.41 1.46 1.54 0.15 0.72 0.23 1.73 1.25 0.66 0.13 0.62 0.65 1.46 1.28 1.77 0.94
0.24 1.43 1.52 1.12 1.54 0.99 1.05 0.86 0.05 0.22 0.06 1.27 0.63 1.02 1.82 0.50 0.82 1.51 0.46 0.15 0.58 0.32 1.86 1.62 1.27 1.74 1.61 0.37 1.79 1.08
1.61 1.79 0.64 0.22 0.46 0.85 1.64 1.72 0.01 1.02 0.83 0.44 0.24 0.68 1.89 0.65 1.04 1.41 0.73 1.94 1.92 0.50 0.99 0.60 0.57 0.07 1.22 1.01 0.10 0.56
1.82 0.48 0.29 0.98 1.97 0.48 1.34 1.52 0.48 1.46 0.74 1.26 1.27 1.07 0.18 1.67 0.64 0.37 0.08 1.18 1.36 0.03 1.02 0.45 1.29 0.35 1.38 0.77 1.87 0.28
0.68 0.23 1.85 1.75 0.52 1.32 1.63 1.11 1.06 0.48 0.19 1.79 1.80 1.27 0.68 0.70 1.45 1.79 1.77 1.56 1.28 0.17 0.32 1.80 1.21 0.02 0.20 1.33 0.01 0.32
1.10 1.38 1.30 0.45 1.42 0.47 0.65 1.49 1.30 1.70 1.32 1.14 0.19 0.74 0.53 0.49 1.95 0.79 1.78 1.26 1.59 1.01 1.15 0.99 0.39 1.44 0.56 0.05 1.29 0.35
1.88 1.91 1.83 0.74 0.03 1.86 0.86 1.93 1.93 1.71 45.00 0.77 1.70 0.63 0.34 1.11 1.87 1.39 1.14 0.19 1.23 1.98 0.28 1.04 1.75 1.48 1.39 1.40 0.72 0.59
1.62 1.62 1.73 1.83 1.02 1.00 1.60 1.30 1.40 1.59 1.78 0.68 0.75 0.19 1.16 0.07 0.93 1.09 0.57 1.18 0.06 0.07 1.65 0.72 0.25 1.04 1.54 0.43 1.25 0.17
0.10 1.06 1.08 1.27 1.45 1.95 1.03 0.65 1.59 0.54 0.88 0.16 0.05 1.93 1.67 1.39 0.82 0.35 0.31 0.50 1.10 1.43 1.32 0.56 1.91 1.48 1.11 1.22 0.84 0.50
0.71 1.52 0.03 0.23 0.09 0.08 1.71 1.41 0.95 0.20 0.98 0.95 0.35 0.87 0.80 1.23 1.27 0.09 0.75 1.25 1.01 1.71 1.32 0.33 0.14 1.28 0.05 1.17 1.88 1.15
0.78 1.29 0.92 1.09 1.88 0.77 1.92 1.81 0.39 0.14 0.20 0.04 0.19 1.37 0.14 0.64 1.69 0.05 1.63 0.56 0.24 1.39 1.26 1.75 1.47 1.61 0.56 0.35 1.50 1.61
1.98 0.83 0.74 1.55 0.68 1.86 1.72 0.86 1.50 1.51 0.21 1.81 1.01 1.65 0.64 1.79 0.78 0.02 1.81 0.18 0.64 1.90 1.90 1.15 1.26 0.90 0.59 0.66 1.35 1.50
1.58 1.58 0.18 0.99 0.12 1.10 0.88 1.78 0.70 0.23 0.29 1.52 1.24 0.20 0.17 1.40 0.15 1.64 1.41 0.16 0.17 1.97 0.75 0.74 1.63 1.89 1.97 1.51 0.75 0.17
1.55 1.12 0.85 1.81 0.22 0.99 0.02 0.94 0.11 0.24 0.24 1.30 1.49 1.17 1.92 0.75 0.57 1.74 0.45 1.93 0.02 1.94 50.00 1.78 1.06 1.99 0.15 1.11 1.94 1.05
1.26 1.39 0.91 1.26 1.17 1.80 0.09 0.56 1.90 1.78 0.91 1.24 0.55 0.38 0.93 0.71 1.17 0.16 1.95 1.97 1.40 1.07 0.62 1.63 1.37 0.33 1.82 1.65 1.90 1.45
1.23 0.84 1.87 1.73 0.09 0.05 0.75 1.62 1.97 0.30 1.19 0.76 1.94 1.68 1.68 0.94 0.83 0.55 0.11 1.73 1.63 2.00 1.99 1.11 1.54 1.89 1.70 0.49 0.90 0.26
1.91 1.21 0.46 1.34 1.24 0.72 0.23 1.34 1.04 1.54 1.04 1.70 1.10 1.12 1.75 0.81 0.27 0.06 1.51 1.24 1.41 0.43 0.27 0.03 0.70 1.18 0.78 0.87 1.81 0.70
1.03 1.57 0.79 1.24 1.72 1.90 0.29 1.85 0.98 0.52 0.92 1.96 0.99 0.66 1.27 0.48 0.15 0.26 0.26 0.30 0.28 1.28 0.36 0.69 1.79 0.95 1.34 0.34 0.38 0.08
0.34 0.56 0.35 0.18 0.24 42.00 0.41 0.73 1.01 1.38 0.08 1.60 1.26 0.16 1.75 1.84 0.12 0.55 1.61 1.50 0.37 0.42 0.74 0.97 1.24 0.74 0.93 1.49 0.07 0.50
1.43 1.79 1.02 1.06 0.21 0.89 1.07 0.48 0.54 0.75 0.04 0.64 0.42 0.65 0.24 1.78 1.19 1.36 1.58 1.00 0.17 1.07 1.17 1.49 0.86 0.26 0.57 0.73 1.29 1.14
0.71 1.97 1.21 0.47 0.20 0.31 0.49 0.32 0.37 0.57 0.35 1.79 0.16 1.05 0.82 1.96 0.22 0.80 1.94 1.73 1.63 0.52 0.34 1.34 1.86 1.11 1.14 0.56 1.54 0.37
0.65 0.85 1.02 0.48 0.23 1.22 0.58 1.16 0.31 0.96 1.07 0.10 0.67 0.27 0.13 1.98 0.64 1.62 0.51 1.36 1.52 1.19 0.94 0.82 0.70 1.86 1.66 1.93 0.25 1.46
1.88 0.36 0.13 1.48 1.15 1.68 0.28 1.59 0.40 0.33 0.33 1.63 1.33 1.05 0.72 1.75 0.78 1.63 0.88 0.75 0.93 0.60 1.50 1.01 0.46 1.80 0.77 1.09 1.81 1.25
0.23 1.88 1.26 0.67 0.28 1.59 1.24 1.07 1.79 1.58 0.30 0.62 0.50 1.49 0.07 1.14 1.52 1.75 0.68 1.64 0.22 1.69 0.25 0.79 1.59 0.30 0.46 1.44 1.44 1.28
1.39 1.09 0.50 0.69 0.36 1.82 1.17 0.80 0.92 1.89 0.31 1.17 1.01 1.22 0.04 1.74 1.86 1.13 1.39 1.84 1.41 0.31 1.15 1.21 0.85 1.47 1.87 1.85 0.90 0.23
1.97 1.68 0.25 1.84 1.74 1.04 1.18 0.80 0.11 0.67 1.61 0.01 0.67 0.80 1.07 1.84 0.69 0.69 1.48 0.90 0.45 0.90 0.28 0.35 1.00 0.84 1.83 0.72 1.16 1.26
0.03 1.33 0.36 1.92 0.30 0.83 0.17 1.99 1.00 1.19 0.13 1.50 0.42 1.80 0.41 0.38 0.07 0.94 1.13 0.13 1.55 0.91 1.05 0.88 0.80 1.12 0.31 0.36 1.72 1.89
0.75 0.54 1.29 0.82 0.05 0.31 1.43 1.32 0.05 0.44 0.46 1.34 0.04 0.21 1.60 0.36 1.31 0.48 0.20 0.49 1.44 1.71 1.66 0.79 1.34 0.41 0.59 1.79 0.03 0.17
